
 *******************************************************************************

         NASA-LEWIS CHEMICAL EQUILIBRIUM PROGRAM CEA,  OCT. 21 1996
                   BY  BONNIE MCBRIDE AND SANFORD GORDON
      REFS: NASA RP-1311, PART I, 1994 AND NASA RP-1311, PART II, 1996

 *******************************************************************************



    reac
      oxid= CO2 moles = 1.
  
    problem case=Point-1 tp  p,psi=15, t,k=500,1500,4000
    output cal deb=1,2,3
    only  CO2   CO  O2
    end

 OPTIONS: TP=T  HP=F  SP=F  TV=F  UV=F  SV=F  DETN=F  SHOCK=F  REFL=F  INCD=F
 RKT=F  FROZ=F  EQL=F  IONS=F  SIUNIT=F  DEBUGF=F  SHKDBG=F  DETDBG=F  TRNSPT=F

 T,K =   500.0000  1500.0000  4000.0000

 TRACE= 0.00E+00  S/R= 0.000000E+00  H/R= 0.000000E+00  U/R= 0.000000E+00

 P,BAR =     1.034210

    REACTANT           MOLES    (ENERGY/R),K   TEMP,K  DENSITY
        EXPLODED FORMULA
  : CO2              1.000000   0.000000E+00     0.00  0.0000
          C  1.00000  O  2.00000

       SPECIES BEING CONSIDERED IN THIS SYSTEM
 (CONDENSED PHASE MAY HAVE NAME LISTED SEVERAL TIMES)

  tpis79  *CO              g 9/99  *CO2             tpis89  *O2            

 O/F =   0.000000

                       EFFECTIVE FUEL     EFFECTIVE OXIDANT        MIXTURE
 ENTHALPY                  h(2)/R              h(1)/R               h0/R
 (KG-MOL)(K)/KG        0.00000000E+00      0.00000000E+00      0.00000000E+00

 KG-FORM.WT./KG             bi(2)               bi(1)               b0i
  C                    0.22722212E-01      0.10000000E+01      0.22722212E-01
  O                    0.45444424E-01      0.20000000E+01      0.45444424E-01

 POINT ITN      T            C           O 

 ITERATION  1      MATRIX 
      0.666667E-01   0.100000E+00   0.666667E-01  -0.583727E+01
      0.100000E+00   0.300000E+00   0.166667E+00  -0.117234E+02
      0.666667E-01   0.166667E+00   0.000000E+00  -0.666482E+01

 SOLUTION VECTOR
         C              O           
     -0.561837E+02  -0.175154E+02  -0.510214E+01

 T= 0.50000000E+03 ENN= 0.10000000E+00 ENNL=-0.23025851E+01 PP= 0.10342096E+01
 LN P/N= 0.23362225E+01 AMBDA= 0.77948831E-01

 AMBDA SET BY             *CO2

 AMBDA SET BY             *CO2

 AMBDA SET BY             *CO2

 AMBDA SET BY             *CO2

                        Nj            LN Nj        DEL LN Nj      H0j/RT
                                         S0j/R           G0j/RT         Gj/RT
  *CO               0.333333E-01  -0.340120E+01  -0.269762E+02  -0.251619E+02
                                      0.255982E+02  -0.507601E+02  -0.518251E+02
  *CO2              0.333333E-01  -0.340120E+01   0.256579E+02  -0.926580E+02
                                      0.282515E+02  -0.120910E+03  -0.121975E+03
  *O2               0.333333E-01  -0.340120E+01  -0.139881E+02   0.146383E+01
                                      0.265437E+02  -0.250799E+02  -0.261449E+02

 ITERATION  2      MATRIX 
      0.250372E+00   0.496674E+00   0.250372E+00  -0.298976E+02
      0.496674E+00   0.103409E+01   0.519081E+00  -0.601969E+02
      0.250372E+00   0.519081E+00   0.194390E+00  -0.301650E+02

 SOLUTION VECTOR
         C              O           
     -0.831444E+02  -0.172168E+02  -0.211424E+01

 T= 0.50000000E+03 ENN= 0.67185945E-01 ENNL=-0.27002912E+01 PP= 0.10342096E+01
 LN P/N= 0.27339286E+01 AMBDA= 0.18919328E+00

 AMBDA SET BY             ENN 

 AMBDA SET BY                 

 AMBDA SET BY                 

 AMBDA SET BY                 

                        Nj            LN Nj        DEL LN Nj      H0j/RT
                                         S0j/R           G0j/RT         Gj/RT
  *CO               0.407062E-02  -0.550396E+01  -0.489453E+02  -0.251619E+02
                                      0.255982E+02  -0.507601E+02  -0.535301E+02
  *CO2              0.246302E+00  -0.140120E+01  -0.115357E+00  -0.926580E+02
                                      0.282515E+02  -0.120910E+03  -0.119577E+03
  *O2               0.112032E-01  -0.449155E+01  -0.971030E+01   0.146383E+01
                                      0.265437E+02  -0.250799E+02  -0.268375E+02

 ITERATION  3      MATRIX 
      0.240985E+00   0.481970E+00   0.240985E+00  -0.289433E+02
      0.481970E+00   0.971076E+00   0.485538E+00  -0.579911E+02
      0.240985E+00   0.485538E+00   0.197733E+00  -0.289733E+02

 SOLUTION VECTOR
         C              O           
     -0.908251E+02  -0.143918E+02  -0.495649E+00

 T= 0.50000000E+03 ENN= 0.45036085E-01 ENNL=-0.31002912E+01 PP= 0.10342096E+01
 LN P/N= 0.31339286E+01 AMBDA= 0.80702347E+00

 AMBDA SET BY             ENN 

 AMBDA SET BY                 

 AMBDA SET BY                 

 AMBDA SET BY                 

                        Nj            LN Nj        DEL LN Nj      H0j/RT
                                         S0j/R           G0j/RT         Gj/RT
  *CO               0.387297E-06  -0.147641E+02  -0.433223E+02  -0.251619E+02
                                      0.255982E+02  -0.507601E+02  -0.623903E+02
  *CO2              0.240985E+00  -0.142302E+01  -0.905643E+00  -0.926580E+02
                                      0.282515E+02  -0.120910E+03  -0.119199E+03
  *O2               0.178439E-02  -0.632868E+01  -0.100459E+01   0.146383E+01
                                      0.265437E+02  -0.250799E+02  -0.282747E+02

 ITERATION  4      MATRIX 
      0.116031E+00   0.232062E+00   0.116031E+00  -0.139625E+02
      0.232062E+00   0.467297E+00   0.233649E+00  -0.279720E+02
      0.116031E+00   0.233649E+00   0.866357E-01  -0.139785E+02

 SOLUTION VECTOR
         C              O           
     -0.906483E+02  -0.147190E+02  -0.247325E+00

 T= 0.50000000E+03 ENN= 0.30188591E-01 ENNL=-0.35002912E+01 PP= 0.10342096E+01
 LN P/N= 0.35339286E+01 AMBDA= 0.10000000E+01

                        Nj            LN Nj        DEL LN Nj      H0j/RT
                                         S0j/R           G0j/RT         Gj/RT
  *CO               0.000000E+00  -0.497262E+02  -0.866235E+01  -0.251619E+02
                                      0.255982E+02  -0.507601E+02  -0.969523E+02
  *CO2              0.116031E+00  -0.215390E+01  -0.804171E+00  -0.926580E+02
                                      0.282515E+02  -0.120910E+03  -0.119530E+03
  *O2               0.793223E-03  -0.713941E+01  -0.100000E+01   0.146383E+01
                                      0.265437E+02  -0.250799E+02  -0.286854E+02

 ITERATION  5      MATRIX 
      0.519191E-01   0.103838E+00   0.519191E-01  -0.626397E+01
      0.103838E+00   0.208844E+00   0.104422E+00  -0.125457E+02
      0.519191E-01   0.104422E+00   0.286370E-01  -0.627200E+01

 SOLUTION VECTOR
         C              O           
     -0.902107E+02  -0.152010E+02  -0.361278E-01

 T= 0.50000000E+03 ENN= 0.23573885E-01 ENNL=-0.37476157E+01 PP= 0.10342096E+01
 LN P/N= 0.37812532E+01 AMBDA= 0.10000000E+01

                        Nj            LN Nj        DEL LN Nj      H0j/RT
                                         S0j/R           G0j/RT         Gj/RT
  *CO               0.000000E+00  -0.583885E+02  -0.804174E-01  -0.251619E+02
                                      0.255982E+02  -0.507601E+02  -0.105367E+03
  *CO2              0.519191E-01  -0.295807E+01  -0.562353E+00  -0.926580E+02
                                      0.282515E+02  -0.120910E+03  -0.120086E+03
  *O2               0.291810E-03  -0.813941E+01  -0.100000E+01   0.146383E+01
                                      0.265437E+02  -0.250799E+02  -0.294381E+02

 ITERATION  6      MATRIX 
      0.295869E-01   0.591739E-01   0.295869E-01  -0.357542E+01
      0.591739E-01   0.118777E+00   0.593886E-01  -0.715759E+01
      0.295869E-01   0.593886E-01   0.695688E-02  -0.357878E+01

 SOLUTION VECTOR
         C              O           
     -0.894427E+02  -0.157006E+02  -0.668543E-03

 T= 0.50000000E+03 ENN= 0.22737413E-01 ENNL=-0.37837436E+01 PP= 0.10342096E+01
 LN P/N= 0.38173810E+01 AMBDA= 0.10000000E+01

                        Nj            LN Nj        DEL LN Nj      H0j/RT
                                         S0j/R           G0j/RT         Gj/RT
  *CO               0.000000E+00  -0.584689E+02   0.267647E+00  -0.251619E+02
                                      0.255982E+02  -0.507601E+02  -0.105412E+03
  *CO2              0.295869E-01  -0.352042E+01  -0.232019E+00  -0.926580E+02
                                      0.282515E+02  -0.120910E+03  -0.120613E+03
  *O2               0.107351E-03  -0.913941E+01  -0.100000E+01   0.146383E+01
                                      0.265437E+02  -0.250799E+02  -0.304019E+02

 ITERATION  7      MATRIX 
      0.234604E-01   0.469208E-01   0.234604E-01  -0.283579E+01
      0.469208E-01   0.939996E-01   0.469998E-01  -0.567413E+01
      0.234604E-01   0.469998E-01   0.777683E-03  -0.283707E+01

 SOLUTION VECTOR
         C              O           
     -0.884742E+02  -0.162006E+02  -0.223575E-06

 T= 0.50000000E+03 ENN= 0.22722217E-01 ENNL=-0.37844121E+01 PP= 0.10342096E+01
 LN P/N= 0.38180495E+01 AMBDA= 0.10000000E+01

                        Nj            LN Nj        DEL LN Nj      H0j/RT
                                         S0j/R           G0j/RT         Gj/RT
  *CO               0.000000E+00  -0.582013E+02   0.468534E+00  -0.251619E+02
                                      0.255982E+02  -0.507601E+02  -0.105143E+03
  *CO2              0.234604E-01  -0.375244E+01  -0.314656E-01  -0.926580E+02
                                      0.282515E+02  -0.120910E+03  -0.120844E+03
  *O2               0.394922E-04  -0.101394E+02  -0.100000E+01   0.146383E+01
                                      0.265437E+02  -0.250799E+02  -0.314013E+02

 ITERATION  8      MATRIX 
      0.227337E-01   0.454674E-01   0.227337E-01  -0.274796E+01
      0.454674E-01   0.909929E-01   0.454965E-01  -0.549689E+01
      0.227337E-01   0.454965E-01   0.260214E-04  -0.274844E+01

 SOLUTION VECTOR
         C              O           
     -0.874747E+02  -0.167006E+02  -0.195419E-13

 T= 0.50000000E+03 ENN= 0.22722212E-01 ENNL=-0.37844123E+01 PP= 0.10342096E+01
 LN P/N= 0.38180498E+01 AMBDA= 0.10000000E+01

                        Nj            LN Nj        DEL LN Nj      H0j/RT
                                         S0j/R           G0j/RT         Gj/RT
  *CO               0.000000E+00  -0.577327E+02   0.499494E+00  -0.251619E+02
                                      0.255982E+02  -0.507601E+02  -0.104675E+03
  *CO2              0.227337E-01  -0.378391E+01  -0.505550E-03  -0.926580E+02
                                      0.282515E+02  -0.120910E+03  -0.120875E+03
  *O2               0.145284E-04  -0.111394E+02  -0.100000E+01   0.146383E+01
                                      0.265437E+02  -0.250799E+02  -0.324013E+02

 ITERATION  9      MATRIX 
      0.227222E-01   0.454444E-01   0.227222E-01  -0.274657E+01
      0.454444E-01   0.909102E-01   0.454551E-01  -0.549351E+01
      0.227222E-01   0.454551E-01   0.534760E-05  -0.274675E+01

 SOLUTION VECTOR
         C              O           
     -0.864747E+02  -0.172006E+02   0.195443E-13

 T= 0.50000000E+03 ENN= 0.22722212E-01 ENNL=-0.37844123E+01 PP= 0.10342096E+01
 LN P/N= 0.38180498E+01 AMBDA= 0.10000000E+01

                        Nj            LN Nj        DEL LN Nj      H0j/RT
                                         S0j/R           G0j/RT         Gj/RT
  *CO               0.000000E+00  -0.572332E+02   0.500000E+00  -0.251619E+02
                                      0.255982E+02  -0.507601E+02  -0.104175E+03
  *CO2              0.227222E-01  -0.378441E+01  -0.127834E-06  -0.926580E+02
                                      0.282515E+02  -0.120910E+03  -0.120876E+03
  *O2               0.534469E-05  -0.121394E+02  -0.100000E+01   0.146383E+01
                                      0.265437E+02  -0.250799E+02  -0.334013E+02

 ITERATION 10      MATRIX 
      0.227222E-01   0.454444E-01   0.227222E-01  -0.274657E+01
      0.454444E-01   0.908967E-01   0.454484E-01  -0.549328E+01
      0.227222E-01   0.454484E-01   0.196620E-05  -0.274664E+01

 SOLUTION VECTOR
         C              O           
     -0.854747E+02  -0.177006E+02   0.000000E+00

 T= 0.50000000E+03 ENN= 0.22722212E-01 ENNL=-0.37844123E+01 PP= 0.10342096E+01
 LN P/N= 0.38180498E+01 AMBDA= 0.10000000E+01

                        Nj            LN Nj        DEL LN Nj      H0j/RT
                                         S0j/R           G0j/RT         Gj/RT
  *CO               0.000000E+00  -0.567332E+02   0.500000E+00  -0.251619E+02
                                      0.255982E+02  -0.507601E+02  -0.103675E+03
  *CO2              0.227222E-01  -0.378441E+01  -0.710543E-14  -0.926580E+02
                                      0.282515E+02  -0.120910E+03  -0.120876E+03
  *O2               0.196620E-05  -0.131394E+02  -0.100000E+01   0.146383E+01
                                      0.265437E+02  -0.250799E+02  -0.344013E+02

 ITERATION 11      MATRIX 
      0.227222E-01   0.454444E-01   0.227222E-01  -0.274657E+01
      0.454444E-01   0.908917E-01   0.454459E-01  -0.549319E+01
      0.227222E-01   0.454459E-01   0.723326E-06  -0.274660E+01

 SOLUTION VECTOR
         C              O           
     -0.844747E+02  -0.182006E+02  -0.195443E-13

 T= 0.50000000E+03 ENN= 0.22722212E-01 ENNL=-0.37844123E+01 PP= 0.10342096E+01
 LN P/N= 0.38180498E+01 AMBDA= 0.10000000E+01

                        Nj            LN Nj        DEL LN Nj      H0j/RT
                                         S0j/R           G0j/RT         Gj/RT
  *CO               0.000000E+00  -0.562332E+02   0.500000E+00  -0.251619E+02
                                      0.255982E+02  -0.507601E+02  -0.103175E+03
  *CO2              0.227222E-01  -0.378441E+01  -0.142109E-13  -0.926580E+02
                                      0.282515E+02  -0.120910E+03  -0.120876E+03
  *O2               0.723326E-06  -0.141394E+02  -0.100000E+01   0.146383E+01
                                      0.265437E+02  -0.250799E+02  -0.354013E+02

 ITERATION 12      MATRIX 
      0.227222E-01   0.454444E-01   0.227222E-01  -0.274657E+01
      0.454444E-01   0.908899E-01   0.454450E-01  -0.549316E+01
      0.227222E-01   0.454450E-01   0.266097E-06  -0.274658E+01

 SOLUTION VECTOR
         C              O           
     -0.834747E+02  -0.187006E+02   0.195443E-13

 T= 0.50000000E+03 ENN= 0.22722212E-01 ENNL=-0.37844123E+01 PP= 0.10342096E+01
 LN P/N= 0.38180498E+01 AMBDA= 0.10000000E+01

                        Nj            LN Nj        DEL LN Nj      H0j/RT
                                         S0j/R           G0j/RT         Gj/RT
  *CO               0.000000E+00  -0.557332E+02   0.500000E+00  -0.251619E+02
                                      0.255982E+02  -0.507601E+02  -0.102675E+03
  *CO2              0.227222E-01  -0.378441E+01   0.000000E+00  -0.926580E+02
                                      0.282515E+02  -0.120910E+03  -0.120876E+03
  *O2               0.266097E-06  -0.151394E+02  -0.100000E+01   0.146383E+01
                                      0.265437E+02  -0.250799E+02  -0.364013E+02
   1   12     500.000     -83.475     -18.701

 T DERIV MATRIX
      0.227222E-01   0.454444E-01   0.227222E-01  -0.210540E+01
      0.454444E-01   0.908892E-01   0.454446E-01  -0.421079E+01
      0.227222E-01   0.454446E-01   0.000000E+00  -0.210540E+01

 SOLUTION VECTOR
         C              O           
     -0.941219E+02   0.731913E+00  -0.223510E-15

 P DERIV MATRIX
      0.227222E-01   0.454444E-01   0.227222E-01   0.227222E-01
      0.454444E-01   0.908892E-01   0.454446E-01   0.454446E-01
      0.227222E-01   0.454446E-01   0.000000E+00   0.227222E-01

 SOLUTION VECTOR
         C              O           
      0.000000E+00   0.499998E+00   0.430817E-05

 POINT=  1   P= 0.103421E+01   T= 0.500000E+03
   H/R=-0.105270E+04   S/R= 0.641177E+00
   M= 0.440098E+02   CP/R= 0.121952E+00   DLVPT=-0.999996E+00
   DLVTP= 0.100000E+01   GAMMA(S)= 0.122899E+01   V= 0.913374E+05

 ITERATION  1      MATRIX 
      0.227222E-01   0.454444E-01   0.227222E-01  -0.140227E+01
      0.454444E-01   0.908892E-01   0.454446E-01  -0.280455E+01
      0.227222E-01   0.454446E-01   0.000000E+00  -0.140228E+01

 SOLUTION VECTOR
         C              O           
     -0.206084E+02  -0.205527E+02  -0.430817E-05

 T= 0.15000000E+04 ENN= 0.22722212E-01 ENNL=-0.37844123E+01 PP= 0.10342096E+01
 LN P/N= 0.38180498E+01 AMBDA= 0.92060989E+00

 AMBDA SET BY             *CO 

 AMBDA SET BY             *CO 

 AMBDA SET BY             *CO 

 AMBDA SET BY             *CO 

                        Nj            LN Nj        DEL LN Nj      H0j/RT
                                         S0j/R           G0j/RT         Gj/RT
  *CO               0.000000E+00  -0.552332E+02   0.458810E+02  -0.574815E+01
                                      0.298788E+02  -0.356269E+02  -0.870421E+02
  *CO2              0.227222E-01  -0.378441E+01   0.213163E-13  -0.266042E+02
                                      0.351432E+02  -0.617474E+02  -0.617137E+02
  *O2               0.978915E-07  -0.161394E+02  -0.100000E+01   0.325642E+01
                                      0.310404E+02  -0.277840E+02  -0.401053E+02

 ITERATION  2      MATRIX 
      0.227245E-01   0.454467E-01   0.227245E-01  -0.140238E+01
      0.454467E-01   0.908913E-01   0.454468E-01  -0.280465E+01
      0.227245E-01   0.454468E-01   0.240140E-05  -0.140238E+01

 SOLUTION VECTOR
         C              O           
     -0.292380E+02  -0.162379E+02   0.203528E-04

 T= 0.15000000E+04 ENN= 0.22722122E-01 ENNL=-0.37844163E+01 PP= 0.10342096E+01
 LN P/N= 0.38180537E+01 AMBDA= 0.23391478E+00

 AMBDA SET BY             *O2 

 AMBDA SET BY             *O2 

 AMBDA SET BY             *O2 

 AMBDA SET BY             *O2 

                        Nj            LN Nj        DEL LN Nj      H0j/RT
                                         S0j/R           G0j/RT         Gj/RT
  *CO               0.227229E-05  -0.129947E+02  -0.672279E+00  -0.574815E+01
                                      0.298788E+02  -0.356269E+02  -0.448036E+02
  *CO2              0.227222E-01  -0.378441E+01  -0.327731E-04  -0.266042E+02
                                      0.351432E+02  -0.617474E+02  -0.617137E+02
  *O2               0.389878E-07  -0.170600E+02   0.855012E+01   0.325642E+01
                                      0.310404E+02  -0.277840E+02  -0.410259E+02

 ITERATION  3      MATRIX 
      0.227240E-01   0.454460E-01   0.227240E-01  -0.140235E+01
      0.454460E-01   0.908912E-01   0.454466E-01  -0.280464E+01
      0.227240E-01   0.454466E-01   0.203748E-05  -0.140236E+01

 SOLUTION VECTOR
         C              O           
     -0.270347E+02  -0.173396E+02   0.669937E-04

 T= 0.15000000E+04 ENN= 0.22722230E-01 ENNL=-0.37844115E+01 PP= 0.10342096E+01
 LN P/N= 0.38180490E+01 AMBDA= 0.46011665E+00

 AMBDA SET BY             *O2 

 AMBDA SET BY             *O2 

 AMBDA SET BY             *O2 

 AMBDA SET BY             *O2 

                        Nj            LN Nj        DEL LN Nj      H0j/RT
                                         S0j/R           G0j/RT         Gj/RT
  *CO               0.194164E-05  -0.131520E+02   0.586599E+00  -0.574815E+01
                                      0.298788E+02  -0.356269E+02  -0.449608E+02
  *CO2              0.227220E-01  -0.378442E+01  -0.127912E-03  -0.266042E+02
                                      0.351432E+02  -0.617474E+02  -0.617137E+02
  *O2               0.288083E-06  -0.150600E+02   0.434672E+01   0.325642E+01
                                      0.310404E+02  -0.277840E+02  -0.390259E+02

 ITERATION  4      MATRIX 
      0.227232E-01   0.454439E-01   0.227232E-01  -0.140230E+01
      0.454439E-01   0.908939E-01   0.454482E-01  -0.280464E+01
      0.227232E-01   0.454482E-01   0.244198E-05  -0.140238E+01

 SOLUTION VECTOR
         C              O           
     -0.250634E+02  -0.183254E+02   0.972216E-04

 T= 0.15000000E+04 ENN= 0.22722930E-01 ENNL=-0.37843807E+01 PP= 0.10342096E+01
 LN P/N= 0.38180181E+01 AMBDA= 0.10000000E+01

                        Nj            LN Nj        DEL LN Nj      H0j/RT
                                         S0j/R           G0j/RT         Gj/RT
  *CO               0.254323E-05  -0.128821E+02   0.130229E+01  -0.574815E+01
                                      0.298788E+02  -0.356269E+02  -0.446910E+02
  *CO2              0.227207E-01  -0.378448E+01  -0.191184E-03  -0.266042E+02
                                      0.351432E+02  -0.617474E+02  -0.617138E+02
  *O2               0.212866E-05  -0.130600E+02   0.375341E+00   0.325642E+01
                                      0.310404E+02  -0.277840E+02  -0.370260E+02

 ITERATION  5      MATRIX 
      0.227257E-01   0.454421E-01   0.227257E-01  -0.140233E+01
      0.454421E-01   0.908872E-01   0.454483E-01  -0.280448E+01
      0.227257E-01   0.454483E-01   0.366896E-05  -0.140244E+01

 SOLUTION VECTOR
         C              O           
     -0.253538E+02  -0.181802E+02   0.470770E-04

 T= 0.15000000E+04 ENN= 0.22725140E-01 ENNL=-0.37842835E+01 PP= 0.10342096E+01
 LN P/N= 0.38179209E+01 AMBDA= 0.10000000E+01

                        Nj            LN Nj        DEL LN Nj      H0j/RT
                                         S0j/R           G0j/RT         Gj/RT
  *CO               0.935332E-05  -0.115798E+02  -0.145207E+00  -0.574815E+01
                                      0.298788E+02  -0.356269E+02  -0.433888E+02
  *CO2              0.227164E-01  -0.378467E+01  -0.942182E-04  -0.266042E+02
                                      0.351432E+02  -0.617474E+02  -0.617141E+02
  *O2               0.309824E-05  -0.126847E+02   0.290272E+00   0.325642E+01
                                      0.310404E+02  -0.277840E+02  -0.366507E+02

 ITERATION  6      MATRIX 
      0.227223E-01   0.454365E-01   0.227223E-01  -0.140214E+01
      0.454365E-01   0.908815E-01   0.454448E-01  -0.280424E+01
      0.227223E-01   0.454448E-01   0.238207E-06  -0.140229E+01

 SOLUTION VECTOR
         C              O           
     -0.253380E+02  -0.181881E+02   0.346857E-05

 T= 0.15000000E+04 ENN= 0.22726209E-01 ENNL=-0.37842364E+01 PP= 0.10342096E+01
 LN P/N= 0.38178738E+01 AMBDA= 0.10000000E+01

                        Nj            LN Nj        DEL LN Nj      H0j/RT
                                         S0j/R           G0j/RT         Gj/RT
  *CO               0.808916E-05  -0.117250E+02   0.787501E-02  -0.574815E+01
                                      0.298788E+02  -0.356269E+02  -0.435340E+02
  *CO2              0.227142E-01  -0.378476E+01  -0.694746E-05  -0.266042E+02
                                      0.351432E+02  -0.617474E+02  -0.617143E+02
  *O2               0.414171E-05  -0.123944E+02  -0.157604E-01   0.325642E+01
                                      0.310404E+02  -0.277840E+02  -0.363605E+02

 ITERATION  7      MATRIX 
      0.227222E-01   0.454363E-01   0.227222E-01  -0.140214E+01
      0.454363E-01   0.908807E-01   0.454444E-01  -0.280421E+01
      0.227222E-01   0.454444E-01   0.763590E-09  -0.140228E+01

 SOLUTION VECTOR
         C              O           
     -0.253380E+02  -0.181882E+02   0.111854E-07

 T= 0.15000000E+04 ENN= 0.22726288E-01 ENNL=-0.37842329E+01 PP= 0.10342096E+01
 LN P/N= 0.38178704E+01 AMBDA= 0.10000000E+01

                        Nj            LN Nj        DEL LN Nj      H0j/RT
                                         S0j/R           G0j/RT         Gj/RT
  *CO               0.815311E-05  -0.117171E+02   0.315450E-04  -0.574815E+01
                                      0.298788E+02  -0.356269E+02  -0.435261E+02
  *CO2              0.227141E-01  -0.378477E+01  -0.224190E-07  -0.266042E+02
                                      0.351432E+02  -0.617474E+02  -0.617143E+02
  *O2               0.407694E-05  -0.124102E+02  -0.631237E-04   0.325642E+01
                                      0.310404E+02  -0.277840E+02  -0.363763E+02
   2    7    1500.000     -25.338     -18.188

 T DERIV MATRIX
      0.227222E-01   0.454363E-01   0.227222E-01  -0.604335E+00
      0.454363E-01   0.908807E-01   0.454444E-01  -0.120860E+01
      0.227222E-01   0.454444E-01   0.000000E+00  -0.604322E+00

 SOLUTION VECTOR
         C              O           
     -0.148684E+02  -0.586384E+01  -0.268836E-02

 P DERIV MATRIX
      0.227222E-01   0.454363E-01   0.227222E-01   0.227222E-01
      0.454363E-01   0.908807E-01   0.454444E-01   0.454444E-01
      0.227222E-01   0.454444E-01   0.000000E+00   0.227263E-01

 SOLUTION VECTOR
         C              O           
      0.333393E+00   0.333393E+00  -0.597832E-04

 POINT=  2   P= 0.103421E+01   T= 0.150000E+04
   H/R=-0.906483E+03   S/R= 0.797963E+00
   M= 0.440019E+02   CP/R= 0.162269E+00   DLVPT=-0.100006E+01
   DLVTP= 0.100269E+01   GAMMA(S)= 0.116380E+01   V= 0.274061E+06

 ITERATION  1      MATRIX 
      0.227222E-01   0.454363E-01   0.227222E-01  -0.108326E+01
      0.454363E-01   0.908807E-01   0.454444E-01  -0.216651E+01
      0.227222E-01   0.454444E-01   0.000000E+00  -0.108342E+01

 SOLUTION VECTOR
         C              O           
     -0.168556E+02  -0.154129E+02   0.165422E-02

 T= 0.40000000E+04 ENN= 0.22726289E-01 ENNL=-0.37842329E+01 PP= 0.10342096E+01
 LN P/N= 0.38178704E+01 AMBDA= 0.21687813E+00

 AMBDA SET BY             *CO 

 AMBDA SET BY             *CO 

 AMBDA SET BY             *CO 

 AMBDA SET BY             *CO 

                        Nj            LN Nj        DEL LN Nj      H0j/RT
                                         S0j/R           G0j/RT         Gj/RT
  *CO               0.815337E-05  -0.117171E+02   0.922177E+01   0.615317E+00
                                      0.342047E+02  -0.335894E+02  -0.414886E+02
  *CO2              0.227141E-01  -0.378477E+01  -0.331022E-02  -0.535216E+01
                                      0.423573E+02  -0.477094E+02  -0.476763E+02
  *O2               0.407669E-05  -0.124102E+02   0.922177E+01   0.417948E+01
                                      0.356330E+02  -0.314535E+02  -0.400458E+02

 ITERATION  2      MATRIX 
      0.227580E-01   0.454558E-01   0.227580E-01  -0.108459E+01
      0.454558E-01   0.909718E-01   0.455160E-01  -0.216908E+01
      0.227580E-01   0.455160E-01   0.536828E-04  -0.108575E+01

 SOLUTION VECTOR
         C              O           
     -0.168646E+02  -0.154219E+02   0.103437E-01

 T= 0.40000000E+04 ENN= 0.22734443E-01 ENNL=-0.37838742E+01 PP= 0.10342096E+01
 LN P/N= 0.38175116E+01 AMBDA= 0.27728871E+00

 AMBDA SET BY             *O2 

 AMBDA SET BY             *O2 

 AMBDA SET BY             *O2 

 AMBDA SET BY             *O2 

                        Nj            LN Nj        DEL LN Nj      H0j/RT
                                         S0j/R           G0j/RT         Gj/RT
  *CO               0.602457E-04  -0.971708E+01   0.721270E+01   0.615317E+00
                                      0.342047E+02  -0.335894E+02  -0.394889E+02
  *CO2              0.226978E-01  -0.378549E+01  -0.207212E-01  -0.535216E+01
                                      0.423573E+02  -0.477094E+02  -0.476774E+02
  *O2               0.301229E-04  -0.104102E+02   0.721270E+01   0.417948E+01
                                      0.356330E+02  -0.314535E+02  -0.380462E+02

 ITERATION  3      MATRIX 
      0.230129E-01   0.455806E-01   0.230129E-01  -0.109315E+01
      0.455806E-01   0.916063E-01   0.460257E-01  -0.218565E+01
      0.230129E-01   0.460257E-01   0.435710E-03  -0.110131E+01

 SOLUTION VECTOR
         C              O           
     -0.169143E+02  -0.154716E+02   0.567613E-01

 T= 0.40000000E+04 ENN= 0.22799744E-01 ENNL=-0.37810060E+01 PP= 0.10342096E+01
 LN P/N= 0.38146434E+01 AMBDA= 0.38739908E+00

 AMBDA SET BY             *CO 

 AMBDA SET BY             *CO 

 AMBDA SET BY             *CO 

 AMBDA SET BY             *CO 

                        Nj            LN Nj        DEL LN Nj      H0j/RT
                                         S0j/R           G0j/RT         Gj/RT
  *CO               0.445159E-03  -0.771708E+01   0.516263E+01   0.615317E+00
                                      0.342047E+02  -0.335894E+02  -0.374918E+02
  *CO2              0.225677E-01  -0.379123E+01  -0.114715E+00  -0.535216E+01
                                      0.423573E+02  -0.477094E+02  -0.476860E+02
  *O2               0.222579E-03  -0.841023E+01   0.516263E+01   0.417948E+01
                                      0.356330E+02  -0.314535E+02  -0.360491E+02

 ITERATION  4      MATRIX 
      0.248761E-01   0.464628E-01   0.248761E-01  -0.114979E+01
      0.464628E-01   0.962149E-01   0.497521E-01  -0.229483E+01
      0.248761E-01   0.497521E-01   0.321406E-02  -0.120689E+01

 SOLUTION VECTOR
         C              O           
     -0.171446E+02  -0.157019E+02   0.251450E+00

 T= 0.40000000E+04 ENN= 0.23306647E-01 ENNL=-0.37590167E+01 PP= 0.10342096E+01
 LN P/N= 0.37926541E+01 AMBDA= 0.68523663E+00

 AMBDA SET BY             *O2 

 AMBDA SET BY             *O2 

 AMBDA SET BY             *O2 

 AMBDA SET BY             *O2 

                        Nj            LN Nj        DEL LN Nj      H0j/RT
                                         S0j/R           G0j/RT         Gj/RT
  *CO               0.328930E-02  -0.571708E+01   0.291870E+01   0.615317E+00
                                      0.342047E+02  -0.335894E+02  -0.355138E+02
  *CO2              0.215868E-01  -0.383568E+01  -0.544516E+00  -0.535216E+01
                                      0.423573E+02  -0.477094E+02  -0.477525E+02
  *O2               0.164465E-02  -0.641023E+01   0.291870E+01   0.417948E+01
                                      0.356330E+02  -0.314535E+02  -0.340711E+02

 ITERATION  5      MATRIX 
      0.391691E-01   0.540333E-01   0.391691E-01  -0.155309E+01
      0.540333E-01   0.132371E+00   0.783382E-01  -0.307112E+01
      0.391691E-01   0.783382E-01   0.236323E-01  -0.195211E+01

 SOLUTION VECTOR
         C              O           
     -0.176429E+02  -0.162001E+02   0.339757E+00

 T= 0.40000000E+04 ENN= 0.27689175E-01 ENNL=-0.35867137E+01 PP= 0.10342096E+01
 LN P/N= 0.36203512E+01 AMBDA= 0.10000000E+01

                        Nj            LN Nj        DEL LN Nj      H0j/RT
                                         S0j/R           G0j/RT         Gj/RT
  *CO               0.243049E-01  -0.371708E+01   0.182856E+00   0.615317E+00
                                      0.342047E+02  -0.335894E+02  -0.336861E+02
  *CO2              0.148642E-01  -0.420880E+01  -0.140546E+01  -0.535216E+01
                                      0.423573E+02  -0.477094E+02  -0.482979E+02
  *O2               0.121524E-01  -0.441023E+01   0.182856E+00   0.417948E+01
                                      0.356330E+02  -0.314535E+02  -0.322434E+02

 ITERATION  6      MATRIX 
      0.328269E-01   0.364724E-01   0.328269E-01  -0.118012E+01
      0.364724E-01   0.102126E+00   0.656538E-01  -0.231814E+01
      0.328269E-01   0.656538E-01   0.852520E-02  -0.165129E+01

 SOLUTION VECTOR
         C              O           
     -0.177162E+02  -0.162735E+02  -0.153037E+00

 T= 0.40000000E+04 ENN= 0.38892406E-01 ENNL=-0.32469563E+01 PP= 0.10342096E+01
 LN P/N= 0.32805937E+01 AMBDA= 0.10000000E+01

                        Nj            LN Nj        DEL LN Nj      H0j/RT
                                         S0j/R           G0j/RT         Gj/RT
  *CO               0.291814E-01  -0.353422E+01  -0.299675E+00   0.615317E+00
                                      0.342047E+02  -0.335894E+02  -0.338430E+02
  *CO2              0.364550E-02  -0.561426E+01  -0.372994E+00  -0.535216E+01
                                      0.423573E+02  -0.477094E+02  -0.500431E+02
  *O2               0.145907E-01  -0.422737E+01  -0.299675E+00   0.417948E+01
                                      0.356330E+02  -0.314535E+02  -0.324003E+02

 ITERATION  7      MATRIX 
      0.241357E-01   0.266462E-01   0.241357E-01  -0.862631E+00
      0.266462E-01   0.749176E-01   0.482714E-01  -0.169406E+01
      0.241357E-01   0.482714E-01   0.157475E-02  -0.121471E+01

 SOLUTION VECTOR
         C              O           
     -0.177376E+02  -0.162949E+02  -0.134183E-01

 T= 0.40000000E+04 ENN= 0.33373508E-01 ENNL=-0.33999929E+01 PP= 0.10342096E+01
 LN P/N= 0.34336303E+01 AMBDA= 0.10000000E+01

                        Nj            LN Nj        DEL LN Nj      H0j/RT
                                         S0j/R           G0j/RT         Gj/RT
  *CO               0.216251E-01  -0.383390E+01  -0.563317E-01   0.615317E+00
                                      0.342047E+02  -0.335894E+02  -0.339896E+02
  *CO2              0.251054E-02  -0.598726E+01  -0.777884E-01  -0.535216E+01
                                      0.423573E+02  -0.477094E+02  -0.502631E+02
  *O2               0.108126E-01  -0.452705E+01  -0.563317E-01   0.417948E+01
                                      0.356330E+02  -0.314535E+02  -0.325469E+02

 ITERATION  8      MATRIX 
      0.227633E-01   0.250859E-01   0.227633E-01  -0.812581E+00
      0.250859E-01   0.706125E-01   0.455266E-01  -0.159567E+01
      0.227633E-01   0.455266E-01   0.549251E-04  -0.114567E+01

 SOLUTION VECTOR
         C              O           
     -0.177384E+02  -0.162957E+02  -0.114124E-03

 T= 0.40000000E+04 ENN= 0.32928684E-01 ENNL=-0.34134111E+01 PP= 0.10342096E+01
 LN P/N= 0.34470486E+01 AMBDA= 0.10000000E+01

                        Nj            LN Nj        DEL LN Nj      H0j/RT
                                         S0j/R           G0j/RT         Gj/RT
  *CO               0.204406E-01  -0.389023E+01  -0.172253E-02   0.615317E+00
                                      0.342047E+02  -0.335894E+02  -0.340325E+02
  *CO2              0.232265E-02  -0.606505E+01  -0.252673E-02  -0.535216E+01
                                      0.423573E+02  -0.477094E+02  -0.503274E+02
  *O2               0.102203E-01  -0.458338E+01  -0.172253E-02   0.417948E+01
                                      0.356330E+02  -0.314535E+02  -0.325898E+02

 ITERATION  9      MATRIX 
      0.227222E-01   0.250390E-01   0.227222E-01  -0.811086E+00
      0.250390E-01   0.704835E-01   0.454445E-01  -0.159273E+01
      0.227222E-01   0.454445E-01   0.526546E-07  -0.114361E+01

 SOLUTION VECTOR
         C              O           
     -0.177384E+02  -0.162957E+02  -0.362084E-07

 T= 0.40000000E+04 ENN= 0.32924926E-01 ENNL=-0.34135253E+01 PP= 0.10342096E+01
 LN P/N= 0.34471627E+01 AMBDA= 0.10000000E+01

                        Nj            LN Nj        DEL LN Nj      H0j/RT
                                         S0j/R           G0j/RT         Gj/RT
  *CO               0.204055E-01  -0.389195E+01  -0.158108E-05   0.615317E+00
                                      0.342047E+02  -0.335894E+02  -0.340341E+02
  *CO2              0.231679E-02  -0.606757E+01  -0.235352E-05  -0.535216E+01
                                      0.423573E+02  -0.477094E+02  -0.503299E+02
  *O2               0.102027E-01  -0.458510E+01  -0.158108E-05   0.417948E+01
                                      0.356330E+02  -0.314535E+02  -0.325914E+02
   3    9    4000.000     -17.738     -16.296

 T DERIV MATRIX
      0.227222E-01   0.250390E-01   0.227222E-01   0.156005E-03
      0.250390E-01   0.704834E-01   0.454444E-01   0.730403E-01
      0.227222E-01   0.454444E-01   0.000000E+00   0.427980E-01

 SOLUTION VECTOR
         C              O           
     -0.174826E+01   0.181590E+01  -0.245920E+00

 P DERIV MATRIX
      0.227222E-01   0.250390E-01   0.227222E-01   0.227222E-01
      0.250390E-01   0.704834E-01   0.454444E-01   0.454444E-01
      0.227222E-01   0.454444E-01   0.000000E+00   0.329249E-01

 SOLUTION VECTOR
         C              O           
      0.483006E+00   0.483006E+00  -0.152609E-01

 POINT=  3   P= 0.103421E+01   T= 0.400000E+04
   H/R= 0.171192E+03   S/R= 0.118640E+01
   M= 0.303721E+02   CP/R= 0.291785E+00   DLVPT=-0.101526E+01
   DLVTP= 0.124592E+01   GAMMA(S)= 0.119034E+01   V= 0.105880E+07




               THERMODYNAMIC EQUILIBRIUM PROPERTIES AT ASSIGNED

                           TEMPERATURE AND PRESSURE

 CASE = Point-1        

             REACTANT                       MOLES         ENERGY      TEMP
                                                          CAL/MOL       K
             CO2                          1.0000000         0.000      0.000

 O/F=    0.00000  %FUEL=100.000000  R,EQ.RATIO= 1.000000  PHI,EQ.RATIO= 0.000000

 THERMODYNAMIC PROPERTIES

 P, ATM            1.0207   1.0207   1.0207
 T, K              500.00  1500.00  4000.00
 RHO, G/CC       1.0948-3 3.6488-4 9.4447-5
 H, CAL/G        -2091.94 -1801.38   340.20
 U, CAL/G        -2114.51 -1869.12   78.480
 G, CAL/G        -2729.02 -4179.96 -9090.36
 S, CAL/(G)(K)     1.2742   1.5857   2.3576

 M, (1/n)          44.010   44.002   30.372
 (dLV/dLP)t      -1.00000 -1.00006 -1.01526
 (dLV/dLT)p        1.0000   1.0027   1.2459
 Cp, CAL/(G)(K)    0.2423   0.3225   0.5798
 GAMMAs            1.2290   1.1638   1.1903
 SON VEL,M/SEC      340.7    574.3   1141.7

 MOLE FRACTIONS

 *CO              0.00000  0.00036  0.61976
 *CO2             1.00000  0.99946  0.07037
 *O2              0.00000  0.00018  0.30988

  * THERMODYNAMIC PROPERTIES FITTED TO 20000.K

    PRODUCTS WHICH WERE CONSIDERED BUT WHOSE MOLE FRACTIONS
    WERE LESS THAN 5.000000E-06 FOR ALL ASSIGNED CONDITIONS





  
